2730 0.0008718237104134818
7102 0.0008544990351248287
1010 0.0008495812979457093
368 0.0008358687412833805
1907 0.0008305605849487237
7453 0.0008206128911812249
4583 0.0008178493773270115
7420 0.0008103025544264425
1847 0.0008099657593231583
5369 0.0008059665118758336
3164 0.0008050603058472765
7446 0.0008031301903250064
3947 0.000802191097603271
2794 0.0007922909366395945
3215 0.0007821406626262155
5346 0.0007811698148264024
7223 0.0007773375457589554
630 0.0007743478992382255
4417 0.0007687897732802163
4955 0.0007607589291960512
3208 0.0007589984861630465
2902 0.0007575115357383325
5671 0.0007558220654309779
5833 0.0007516313579942058
5553 0.0007479296527761842
8096 0.0007473743980644386
3204 0.0007457406693696711
758 0.000744911949667061
6301 0.0007445528281951863
5769 0.0007411322903888793
8194 0.000740069109899942
4957 0.0007380110285819427
8060 0.0007363430590228892
7938 0.0007338206996191384
5584 0.0007331079276852813
6568 0.000732640441935852
1430 0.0007325158941878314
7250 0.0007313188117589691
3185 0.0007304554596398016
2737 0.0007262362425983484
3751 0.0007258051286635623
150 0.0007257957360137116
5099 0.000721205311175676
2944 0.0007173315807983351
7872 0.0007154018625638047
2639 0.0007139616673161112
5074 0.0007139364190470619
1034 0.0007129845553543011
229 0.0007123388507587182
6648 0.0007119926958255408
4222 0.000710220201276108
7406 0.0007096172222610439
2464 0.0007093138585020819
3578 0.0007091324191707328
930 0.0007083222999547294
6777 0.0007082090885691862
2484 0.0007049231275803575
4944 0.000701100467118165
1197 0.0006997994635608125
3221 0.0006990425688362512
2041 0.0006985687174771028
7579 0.0006978621229435937
6787 0.000697551410578673
6530 0.0006967777430261815
8112 0.0006964853389264516
6005 0.000696115012635654
6190 0.0006958367714595667
5655 0.0006951424945832752
251 0.0006940878456691566
3951 0.0006932552492690587
8018 0.0006927026153350098
233 0.0006920615514028552
2589 0.000691538646367878
5996 0.0006914372540136067
482 0.0006911386288236547
972 0.0006904112000916346
7499 0.0006866608297875223
7442 0.0006863393643836841
1173 0.0006858780543361622
2369 0.0006852908777704868
6315 0.0006836161593594158
5129 0.0006834163205402555
7784 0.000683206184559359
5998 0.0006829876096373056
4692 0.0006827820863814833
4255 0.0006827457876896559
6692 0.0006823066681672197
4832 0.0006819308815535048
5275 0.0006801737193850509
5376 0.0006795727513449618
2232 0.0006775996992215298
6928 0.0006768625213877838
260 0.0006755886557584073
1677 0.0006754868866130977
6847 0.0006738983505705718
6883 0.0006734169237262054
7702 0.0006733783331627572
1798 0.000672552358958607
4681 0.0006715077271069876
2664 0.0006707337076731726
